11938
11947
11948
11949
11950
11951
11952
11953
11954
11955
11956
11958
11959
11960
11961
11962
11963
11964
11965
11968
11971
11972
11973
11974
11980
11984
12021
12031
12058
12075
12246
12280
12281
12284
12304
12314
12320
12321
12322
12324
12369
12545
12547
12549
12550
12551
12564
12568
12572
12689
12696
12800
12981
13009
13068
13227
13231
13270
13335
13339
13340
13341
13342
13545
13555
13557
13573
13736
13738
13739
13762
13785
13786
13787
13788
13794
13809
13860
13911
13913
13930
13932
13938
13952
13954
13994
13999
14000
14002
14029
14030
14075
14127
14132
14133
14134
14135
14136
14138
14139
14140
14142
14147
14148
14205
14206
14221
14257
14260
14293
14313
14328
14329
14330
14425
14437
14525
14881
14882
14883
14884
14885
14886
14887
14888
14889
15055
15068
15158
15159
15160
15162
15219
15265
15300
15305
15327
15328
15344
15372
15416
15420
15424
15811
15901
15906
15907
15909
15919
15921
15957
16095
16104
16137
16138
16143
16198
16203
16232
16246
16514
16825
16828
16830
16831
16833
16835
16839
16842
16843
16844
16848
16850
16851
16858
16859
16861
16862
16884
16938
16946
16948
17038
17058
17062
17067
17103
17106
17107
17116
17170
17176
17252
17254
17266
17488
17495
17496
17518
17519
17521
17523
17548
17561
17713
17729
17756
17884
17885
17905
17918
17921
17929
17931
17933
17966
17967
17968
17973
17984
17991
18051
18102
18143
18202
18280
18281
18282
18283
18284
18285
18286
18287
18288
18289
18290
18291
18292
18293
18300
18310
18354
18355
18356
18358
18359
18360
18365
18366
18367
18403
18404
18405
18406
18407
18408
18409
18410
18418
18438
18465
18499
18507
18509
18511
18512
18513
18514
18515
18517
18521
18534
18536
18537
18539
18554
18555
18556
18557
18561
18562
18563
18566
18568
18570
18571
18572
18574
18581
18584
18585
18586
18588
18589
18590
18591
18592
18635
18930
18931
18933
18937
18948
18949
18950
18952
18953
18956
18959
18960
18961
18965
18966
18968
18969
18971
18972
18974
18977
18980
18983
18984
18986
18987
18988
18989
18990
18991
18992
18993
18994
18996
18998
18999
19000
19001
19002
19003
19004
19005
19007
19008
19009
19010
19012
19014
19016
19017
19020
19022
19023
19027
19029
19030
19032
19033
19035
19040
19047
19048
19049
19050
19051
19052
19053
19054
19055
19211
19212
19249
19254
19337
19372
19373
19374
19375
19376
19377
19378
19379
19381
19382
19383
19388
19389
19390
19391
19392
19393
19394
19395
19396
19397
19399
19400
19402
19404
19406
19407
19408
19409
19413
19416
19417
19418
19419
19420
19421
19424
19425
19426
19444
19569
19836
19840
19844
20018
20019
20075
20114
20132
20168
20227
20228
20229
20230
20268
20269
20270
20271
20272
20273
20276
20277
20278
20546
20547
20552
20557
20558
20561
20562
20565
20684
20685
20686
20689
20690
20726
21289
21295
21320
21383
21384
21385
21386
21405
21414
21427
21436
21437
21497
21498
21500
21503
21504
21506
21508
21509
21510
21511
21965
21966
21968
21969
21974
21979
21981
22425
22429
22430
22433
22444
22465
22468
22482
22486
22536
22537
22544
22545
22550
22551
22552
23072
23115
23171
23173
23192
23617
23619
23630
23665
23666
23669
23983
23984
24018
24019
24020
24023
24027
24028
24034
24205
24228
24242
24257
24314
24315
24316
24318
24319
24390
24395
24407
24417
24425
24427
24428
24431
24433
24465
24471
24534
24627
24628
24723
24724
24736
24754
25062
25082
25083
25085
25086
25087
25088
25089
25095
25096
25098
25099
25124
25221
25340
25342
25344
25345
25346
25347
25348
25349
25353
25354
25355
25415
25560
25571
25753
26066
26461
26552
26956
27349
27364
27533
27549
27568
27569
27684
27723
27728
27731
27732
27733
27734
27735
27736
27862
28030
28081
28082
28120
28187
28188
28214
28223
28236
28243
28271
28272
28273
28285
28290
28391
28393
28394
28403
28404
28405
28411
28417
28418
28429
28444
28445
28446
28466
28581
28582
28705
28706
28709
28986
28987
28988
28989
29010
29048
29289
29290
29291
29292
29293
29624
29625
29637
30120
30130
30292
30315
30317
30338
30384
30385
30395
30397
30401
30403
30404
30405
30406
30408
30409
30410
30427
30447
30459
30461
30462
30463
30474
30475
30476
30478
30479
30480
30481
30487
30488
30705
30706
30708
30820
30826
30829
31112
31113
31127
31128
31129
31130
31463
31465
31466
31468
31479
31502
31503
31504
31505
31558
31686
31727
31759
31760
31769
31770
31771
31772
31778
31779
31780
31781
31782
31783
31789
31791
31792
31794
31823
31832
31847
31848
31849
31850
31860
31865
31866
31869
31873
31875
31877
31883
31885
31886
31888
31890
32438
33049
33229
33991
34851
35882
35887
36106
36303
36361
36389
36397
36398
36403
36404
36406
36407
36409
36410
36421
36422
36424
36425
36431
36432
36433
36438
36439
36443
36503
36515
36539
37252
37270
39025
39170
39285
39286
39337
39353
39370
39371
39372
39373
39374
39375
39378
39424
39959
40003
41042
41043
42159
43192
43193
43205
43206
43207
43268
43425
43427
43428
43433
43449
43450
43452
43497
43500
43502
43503
43505
43506
43509
43515
43527
43529
43530
43532
43533
43544
43545
43546
43548
43571
43573
43574
43577
43579
43581
43582
43589
43590
43592
43595
43596
43598
43606
43613
43615
43616
43622
43627
43631
43634
43637
43648
43649
43684
43728
43805
43808
43818
43834
43836
43918
43993
44631
44632
44646
44719
44733
44783
44814
44827
44849
44863
44878
44879
45181
45206
45217
45670
45921
46140
60560
60572
60573
60579
60586
60596
60605
60656
60697
60731
60742
60961
61145
61146
61147
61148
61177
61387
61493
61494
61527
61609
61611
61612
61613
61614
61741
61742
61938
61940
62150
62151
62152
62154
62213
62234
62258
62923
62924
62925
62926
62927
62928
62929
62930
62932
62947
63080
63081
63082
63084
63085
63088
63140
63164
63165
63166
63198
63202
63309
63310
63311
63312
63313
63314
63554
63649
63654
63670
63673
63686
63776
63777
63778
63779
63780
63781
63783
63784
63785
63786
63787
63794
63832
67883
67884
67885
71941
72118
72138
72143
72278
72279
72280
72282
72283
72357
72376
72394
72395
72644
72648
72743
72810
72839
72940
72941
72982
73128
73190
73191
73192
73193
73194
73195
73199
73200
73415
73425
75790
78159
78160
78165
78596
79844
80060
80928
80929
81647
82023
83066
101786
101787
113533
113739
114109
114561
114587
114619
118245
118246
118249
118252
118275
118417
118419
118789
119584
119585
119587
125600
125694
141423
141424
141426
143554
143562
143724
144484
146173
147156
147160
147983
148075
148889
148892
149772
154858
165300
169314
175163
175555
175556
175558
175559
175922
175923
176363
176651
179047
179061
179165
179168
179169
179702
181401
182013
182722
183267
183511
185764
185815
185831
185835
185836
186748
186750
186829
186841
187283
187284
187290
187691
187692
188793
188794
188909
188935
188975
190866
190977
191520
191522
191568
192221
192369
192947
192948
192953
197111
197113
197114
199043
200083
200086
200337
200529
200908
200918
201007
201009
201100
201178
203051
203057
238089
238092
238094
238095
240071
240072
240074
240288
241730
242586
243478
245213
245214
245234
245401
245402
245403
246807
247254
248511
248512
248513
248515
248520
248610
248656
248703
248704
248725
248726
248734
248771
248782
248788
248793
248842
248864
248866
248871
248873
248884
248942
249006
249019
249020
249021
249164
249168
249174
249189
249193
249215
249233
249239
249247
249248
249267
249292
249294
249337
249349
249350
249351
249356
249360
249384
249390
249395
249428
249445
249483
249499
249505
249553
249565
249575
249585
249587
249595
249602
249614
249616
249626
249664
249665
249666
249667
249670
249688
249831
249863
249958
250689
250771
251577
252164
252449
253990
254272
254300
254321
254322
254323
254423
254425
254640
254996
254999
255018
255868
256210
256214
256292
256352
256391
256419
256420
256421
256422
256423
256424
256475
256556
256557
256560
256580
256622
256623
257144
257288
257301
257305
257524
257547
257633
257638
257853
258503
258817
258916
258925
258987
258988
258990
258991
258993
259592
259593
259604
259605
259644
259758
259763
259782
260193
260304
261726
261734
262689
262888
262930
264324
264920
265435
265445
265455
265456
265508
265509
265512
265513
265599
265602
265785
265828
265844
265848
265921
265922
265957
266118
266123
266168
266177
266178
266208
266209
266210
266252
266254
266256
266257
266316
266317
266341
266397
266400
266402
266406
266407
266409
266415
266416
266417
266418
266419
266420
266421
266422
266423
266426
266428
266430
266434
266435
266436
266437
266438
266439
266440
266443
266566
266607
266608
266609
266624
266643
266662
266672
266680
266697
266699
266700
266701
266702
266706
266707
266713
266714
266715
266716
266719
266721
266722
266838
266852
266853
266861
266864
266920
266921
266923
266924
266928
266929
266930
266931
266938
267019
267023
267030
267032
267048
267049
267050
267053
267054
267055
267060
267063
267081
267088
267127
267128
267131
267132
267175
267261
267262
267280
267339
267342
267343
267345
267385
267386
267387
267399
267421
267426
267427
267445
267505
267542
267555
267573
267574
267604
267606
267647
267679
267710
267734
267782
267795
267796
267828
267830
267836
267837
267838
267839
267842
267843
267844
267845
267846
267847
267893
268001
268002
268075
268076
268077
268079
268080
268081
268108
268145
268146
268157
268196
268243
268244
268246
268247
268248
268276
268290
268293
268416
268522
268609
268657
268662
268663
268664
268679
268680
268682
268701
268702
268703
268705
268752
268770
268796
268797
268828
268829
268862
268903
268906
268907
268919
268939
268961
268971
269004
269005
269091
269288
269289
269394
269644
269654
269668
269677
269687
269778
269950
270068
270152
270153
270154
270159
270160
270161
270168
270172
270173
270178
270179
270193
270195
270206
270379
270455
270994
270995
271014
271020
271021
271022
271532
272443
273381
273382
275520
275521
278818
278820
278832
278857
278867
279349
279366
279368
279371
280003
280267
280384
281298
281299
281300
281301
281712
282580
282581
282914
283532
283535
283591
283592
283605
283607
319249
319250
319251
326393
326520
326591
329161
333817
333863
333864
334353
334355
334356
334359
334360
334361
334362
334365
334366
334367
334368
334369
334373
334374
350527
350528
350529
350530
350531
357835
357836
357841
358845
358848
358849
358933
359438
359471
359472
359720
359727
359730
359737
359754
359772
359826
359840
359845
359864
359865
359879
359880
359890
359891
359892
359894
359922
359928
360081
360156
360158
360161
360172
360176
360210
360219
360230
360276
360335
360342
360345
360346
360351
360401
360405
360407
360408
360411
361057
361069
361074
361077
361080
361083
361084
361091
361092
361094
361102
361106
361109
361125
361143
361146
361234
361253
361351
361358
361363
361370
361391
361418
361446
361530
361534
361570
361571
361584
361585
361587
361588
361590
361591
361592
361593
361594
361595
361597
361599
361600
361601
361602
361685
361686
361687
361688
361691
361693
361696
361697
361715
361717
361719
361743
361749
361798
361801
361806
361807
361811
361812
361813
361818
361819
361820
361821
361823
361841
361845
361849
361872
361896
362092
362093
362094
362096
362100
362113
362259
362292
362293
362297
362307
362531
362689
363018
363019
363039
363042
363052
363054
363055
363056
363059
363426
363814
363973
364902
365167
365185
365195
365204
365277
365300
365308
365498
366043
366044
367595
367607
367633
367654
367964
368071
368098
368194
368394
368507
368576
368604
368773
368818
368819
368820
369012
369020
369064
369206
369233
369234
369259
369260
369261
369518
369547
369561
369665
369670
370222
370250
370251
370252
370253
370254
370273
370386
370431
370454
370455
370460
370461
370512
370516
370518
370560
370566
370574
370578
370586
370587
370601
370602
370669
370696
370933
371036
371066
371124
371128
371152
371155
371164
371173
371174
371175
371176
371581
371641
371864
371926
371928
372014
372039
372082
372083
372084
372085
372092
372095
372103
372107
372108
372109
372140
372144
372150
372151
372172
372182
372201
372214
372215
372216
372220
372462
372464
372476
372477
372478
372479
372481
372488
372495
372534
372535
372882
372885
372890
372980
372981
372982
373150
373189
373192
373457
373458
373460
373462
373464
373493
373494
373495
373496
373497
373498
373499
373500
373501
373502
373503
373505
373506
373507
373508
373509
373510
373511
373512
373513
373515
373516
373519
373520
373521
373522
373523
373524
373525
373527
373529
373530
373532
373777
373778
373782
373800
373801
373880
373902
373926
373927
373942
373958
373983
374096
374155
374233
374234
374235
374251
374478
374495
374510
374684
374755
374771
374772
374780
374785
374787
374788
374794
374819
374865
374872
374882
374907
374908
374909
374910
374914
374915
374919
374920
374923
374924
374925
374926
374927
374928
374932
374933
374934
374937
374938
374939
374943
374945
375011
375080
375116
375196
375296
375318
375514
375688
375770
375771
375838
375841
375854
375855
375860
376017
376018
376019
376428
376441
376442
376474
376493
376709
377251
377488
377579
377697
377700
377735
377740
377742
377761
377909
377924
378038
378039
378040
378043
378044
378047
378052
378053
378086
378171
378172
378174
378175
378457
378465
378483
378498
378501
378502
378831
378832
378835
378836
379135
379136
379217
379350
379353
380248
380485
380581
380612
380635
380692
380749
381180
381183
381199
381256
381267
381268
381845
382062
382064
382245
382390
382394
382401
382403
382404
382462
382484
382647
382648
382661
382693
382827
382861
382862
382863
382866
382869
382875
382878
382898
382923
382997
382998
383013
383018
383021
383033
383037
383069
383219
383280
383283
383287
383289
383291
383317
383321
383348
383515
383537
383548
383555
383556
383557
383559
383560
383561
383562
383639
383640
383641
383642
383668
383669
383680
383681
383704
383713
383718
383721
383725
383730
383731
383732
383743
383744
383746
383747
383748
383749
383751
383753
383768
383769
383789
383798
383878
383941
384006
384016
384018
384021
384030
384043
384044
384046
384050
384088
384102
384106
384110
384111
384114
384134
384185
384231
384312
384315
384386
384387
384416
384548
384549
384550
384551
384570
384571
384573
384602
384658
384660
384663
384677
384693
384705
384708
384709
384732
384736
384765
384766
384783
384784
384794
384842
384858
384906
384922
384924
384925
384926
384929
384933
384937
384939
384943
384945
384947
384957
384958
384959
384960
384961
384967
384973
384974
384975
384989
384990
384995
384996
385035
385048
385054
385056
385057
385061
385096
385117
385134
385288
385475
385483
385484
385485
385486
385487
385490
385492
385498
385513
385532
385533
385535
385536
385540
385550
385555
385571
385606
385611
385615
385631
385637
385643
385645
385646
385668
385718
385754
385784
385841
385843
385882
385905
386092
386130
386133
386136
386137
386184
386186
386187
386189
386190
386196
386198
386209
386340
386503
386505
386534
386583
386611
386627
386631
386634
386644
386700
386701
386703
386704
386705
386706
386707
386735
386738
386748
386771
386803
386832
386897
386922
386956
387020
387047
387052
387067
387117
387209
387210
387214
387215
387216
387217
387218
387220
387221
387222
387226
387233
387235
387249
387251
387252
387254
387255
387256
387257
387258
387260
387261
387262
387263
387264
387265
387266
387267
387272
387273
387274
387283
387284
387285
387286
387287
387288
387289
387291
387293
387364
387365
387617
387618
387631
387659
387660
387683
387685
387686
387687
387715
387716
387725
387726
387727
387728
387733
387738
387739
387741
387742
387744
387746
387763
387835
387836
387840
387841
387844
387845
387851
387852
387853
387854
387855
387856
387857
387858
387859
387860
387863
387864
387865
387896
387897
387898
387899
387900
387901
387902
387903
387905
387906
387907
387908
387909
387910
387912
387913
387914
387915
387916
387917
387918
387919
387920
387921
387927
387928
387929
387930
387931
387933
387945
387946
387968
387970
387971
387974
388133
388135
388137
388146
388163
388164
388261
388262
388265
388267
388269
388272
388277
388282
388285
388361
388365
388402
388460
388465
388466
388594
388595
388596
388598
388599
388600
388601
388602
388604
388605
388606
388607
388608
388609
388610
388611
388651
388664
388672
388673
388674
388675
388676
388677
388679
388680
388681
388682
388683
388684
388685
388720
388723
388725
388733
388783
388791
388794
388837
388840
388844
388874
388875
388882
388885
388889
388893
388927
388929
388931
388942
388959
388960
388962
388965
389026
389039
389046
389050
389118
389145
389147
389183
389184
389188
389208
389210
389211
389213
389215
389217
389234
389246
389247
389252
389256
389264
389266
389267
389272
389278
389281
389282
389286
389293
389297
389342
389354
389406
389408
389414
389416
389421
389423
389463
389465
389473
389474
389536
389537
389543
389546
389547
389549
389551
389552
389565
389566
389568
389579
389603
389604
389638
389695
389696
389708
389740
389751
389766
389869
389927
389929
389937
389938
389998
389999
390022
390024
390051
390077
390078
390101
390105
390107
390137
390141
390142
390143
390147
390149
390155
390168
390169
390178
390191
390192
390197
390198
390223
390233
390243
390274
390278
390286
390335
390401
390405
390406
390407
390488
390489
390490
390491
390493
390494
390496
390497
390499
390527
390564
390582
390591
390601
390602
390603
390615
390631
390632
390736
390739
390766
390775
390810
390840
390847
390869
390988
390990
390995
391048
391073
391127
391128
391129
391130
391133
391142
391143
391147
391153
391154
391156
391157
391159
391160
391162
391164
391506
391507
391517
391528
391529
391531
391556
391561
391563
391608
391623
391628
391637
391639
391643
391647
391650
391652
391656
391657
391659
391661
391723
391725
391726
391727
391730
391754
391755
391758
391759
391814
391853
391854
391855
391897
391902
391907
391978
391981
391982
391988
391992
391993
391994
391995
391996
391997
391998
391999
392006
392007
392008
392010
392020
392023
392034
392035
392037
392038
392039
392043
392124
392125
392127
392132
392137
392247
392249
392270
392276
392302
392312
392313
392386
392388
392389
392401
392429
392430
392518
392520
392521
392533
392537
392538
392564
392567
392608
392611
392613
392649
392734
392736
392737
392738
392740
392741
392742
392745
392756
392828
392843
392861
392862
392864
392869
392874
392875
392876
392880
392925
392926
392928
392934
392936
392937
392957
392963
392964
392967
392989
393057
393085
393088
393102
393110
393143
393168
393181
393186
393200
393201
393202
393203
393204
393205
393206
393211
393213
393242
393294
393298
393301
393302
393322
393323
393396
393397
393399
393401
393411
393441
393442
393443
393444
393446
393463
393464
393487
393511
393518
393525
393530
393546
393547
393548
393558
393693
393702
393704
393713
393724
393726
393768
393769
393770
393771
393773
393775
393780
393796
393853
393866
393888
393889
393892
393895
393897
393920
394011
394012
394112
394129
394218
394232
394240
394288
394289
394310
394312
394315
394327
394330
394353
394480
394523
394524
394531
394547
394556
394560
394569
394570
395288
396139
396147
396182
396200
396222
396239
396261
396284
396286
396292
396293
396299
396307
396316
396331
396339
396356
396357
396358
396368
396370
396452
396462
396469
396470
396478
396482
396489
396491
396497
396515
396516
396530
396531
396532
396533
396534
396535
396537
396538
396615
396706
396707
396708
396709
396723
396793
396795
396796
396797
396799
396800
396803
396805
396806
396810
396812
396813
396814
396815
396816
396817
396818
396819
396820
396821
396847
396849
396859
396894
396952
396987
397024
397061
397067
397068
397072
397073
397097
397102
397117
397123
397150
397153
397167
397238
397378
397398
397399
397400
397402
397564
397565
397569
397571
397609
397610
397727
397739
397750
397751
397754
397855
397892
397894
397933
397934
397957
397965
397978
397981
397983
397989
397998
398001
398002
398021
398037
398097
398109
398149
398205
398226
398256
398258
398286
398299
398300
398303
398309
398310
398319
398326
398327
398333
398345
398353
398362
398363
398365
398372
398379
398435
398452
398453
398460
398482
398490
398501
398506
398507
398509
398510
398538
398560
398562
398563
398617
398619
398620
398626
398639
398640
398641
398642
398666
398676
398677
398681
398682
398706
398732
398736
398769
398771
398781
398782
398785
398786
398787
398795
398797
398828
398831
398832
398864
398914
398915
398916
398917
398925
398928
398930
398936
398937
398938
398939
398940
398943
398947
398961
398963
398964
398965
398966
398978
399319
399320
399321
399322
399323
399324
399325
399326
399328
399329
399344
399345
399346
399347
399349
399350
399357
399358
399375
399376
399378
399381
399382
399383
399384
399431
399447
399453
399530
399531
399546
399547
399549
399571
399574
399590
399653
399703
399710
399713
399719
399727
399733
399734
399739
399745
399775
399780
399782
399785
399786
399789
399790
399791
399811
399813
399819
399820
399821
399825
399832
399833
399834
399839
399841
399845
399846
399852
399853
399854
399855
399856
399857
399858
399862
399868
399869
399878
399891
399896
399897
399902
399903
399909
399910
399914
399915
399921
399922
399943
399944
399974
400019
400020
400031
400037
400135
400145
400171
400172
400173
400174
400175
400202
400237
400238
400267
400272
400273
400322
400323
400324
400345
400347
400349
400350
400371
400372
400375
400444
400454
400459
400467
400480
400484
400485
400488
400489
400515
400557
400567
400568
400603
400604
400605
400606
400609
400644
400645
400648
400660
400661
400667
400670
400671
400672
400673
400674
400675
400676
400685
400686
400687
400693
400694
400695
400697
400699
400703
400709
400711
400712
400713
400720
400722
400724
400725
400726
400727
400728
400730
400734
400736
400739
400742
400743
400747
400751
400759
400765
400816
400817
400818
400819
400822
400855
400909
400928
400934
400944
400950
400980
400981
400982
400983
401014
401068
401074
401075
401077
401083
401099
401123
401125
401140
401199
401200
401213
401218
401219
401220
401224
401226
401227
401242
401244
401245
401248
401261
401305
401338
401339
401341
401343
401345
401352
401366
401369
401389
401439
401450
401462
401486
401487
401490
401491
401492
401493
401494
401495
401496
401497
401502
401504
401506
401507
401508
401515
401517
401518
401519
401520
401521
401522
401523
401524
401525
401526
401527
401528
401534
401556
401558
401559
401568
401575
401576
401631
401678
401679
401682
401683
401684
401685
401686
401687
401689
401692
401693
401696
401697
401699
401701
401804
401806
401809
401810
401811
401812
401813
401814
401815
401816
401818
401820
401822
401823
401824
401825
401826
401827
401832
401839
401840
401856
401857
401967
401968
401972
401974
401976
402005
402051
402052
402173
402186
402188
402342
402348
402407
402416
402417
402418
402425
402433
402460
402485
402486
402487
402488
402489
402490
402491
402492
402540
402541
402543
402554
402555
402572
402573
402574
402577
402584
402586
402587
402588
402598
402609
402630
402631
402651
402664
402665
402666
402688
402692
402711
402714
402715
402736
402783
402814
402816
402824
402826
402854
402855
403048
403161
403198
403206
403209
403210
403211
403216
403250
403280
403282
403285
403286
403287
403288
403289
403291
403293
403374
403434
403487
403530
403562
403571
403616
403663
403670
403671
403696
403771
403772
403774
403775
403776
403778
403779
403780
403781
403791
403825
403849
403851
403852
403863
404003
404013
404014
404015
404017
404028
404051
404083
404096
404107
404108
404165
404172
404197
404198
404200
404201
404202
404326
404339
404340
404342
404358
404386
404391
404392
404393
404398
404411
404453
404464
404467
404471
404472
404473
404523
404575
404576
404577
404578
404579
404580
404582
404583
404612
404616
404618
404619
404624
404633
404635
404637
404654
404655
404684
404704
404705
404717
404745
404746
404747
404748
404751
404752
404754
404781
404782
404784
404808
404813
404818
404827
404828
404852
404864
404866
404869
404870
404871
404873
404875
404876
404877
404878
404879
404880
404888
404889
404928
404933
404934
404935
404936
404942
404943
404944
404945
404947
404948
404949
404950
404951
404952
404999
405012
405013
405014
405015
405016
405017
405048
405049
405050
405054
405055
405056
405073
405079
405086
405090
405114
405121
405211
405212
405224
405228
405250
405299
405322
405357
405359
405363
405396
405420
405421
405443
405444
405455
405456
405458
405477
405478
405523
405571
405572
405573
405679
405680
405686
405689
405690
405691
405692
405693
405720
405756
405762
405763
405764
405765
405900
405918
405965
405976
406018
406084
406085
406327
406328
406329
406331
406333
406334
406338
406339
406340
406362
406421
406484
406485
406493
406494
406495
406496
406577
406588
406589
406606
406722
406725
406753
406754
406755
406807
406905
406906
406965
406967
406971
406972
406973
406979
406981
406982
406985
406990
406994
407069
407070
407071
407072
407073
407074
407116
407122
407123
407129
407131
407132
407133
407134
407135
407136
407191
407193
407194
407195
407196
407197
407212
407233
407234
407235
407239
407240
407241
407242
407243
407244
407245
407246
407247
407248
407254
407255
407256
407257
407258
407260
407261
407262
407263
407264
407265
407266
407269
407270
407291
407296
407305
407446
407559
407560
407561
407562
407563
407565
407568
407712
407746
407749
407844
407858
407937
407938
407939
407940
407941
407943
407944
407956
407957
407964
407965
408046
408125
408177
408287
408473
408474
408511
408513
408514
408545
408548
408595
408605
408622
408623
408627
408628
408634
408639
408640
408662
408663
408678
408683
408738
408739
408741
408743
408750
408751
408753
408758
408793
408806
408826
408828
408832
408834
408837
408840
408850
408854
408879
408890
408893
408894
408917
408920
408928
408970
408971
408973
408990
409035
409052
409076
409079
409083
409085
409113
409139
409140
409143
409147
409190
409191
409192
409193
409194
409195
409196
409198
409199
409200
409201
409204
409206
409207
409208
409209
409212
409213
409214
409215
409216
409217
409220
409225
409227
409266
409267
409268
409282
409289
409367
409421
409424
409426
409450
409735
409764
409795
409804
409945
409999
410000
410061
410062
410227
410302
410313
410330
410342
410348
410352
410628
410633
410701
410702
410774
410775
410941
410969
410970
410974
410975
410976
411058
411084
411087
411088
411090
411091
411092
411093
411116